/*--------------------------------*- C++ -*----------------------------------*\
  =========                 |
  \\      /  F ield         | OpenFOAM: The Open Source CFD Toolbox
   \\    /   O peration     | Website:  https://openfoam.org
    \\  /    A nd           | Version:  6
     \\/     M anipulation  |
\*---------------------------------------------------------------------------*/
FoamFile
{
    version     2.0;
    format      ascii;
    class       faceList;
    location    "constant/polyMesh";
    object      faces;
}
// * * * * * * * * * * * * * * * * * * * * * * * * * * * * * * * * * * * * * //


57
(
4(12 13 15 14)
4(16 18 19 17)
4(20 21 23 22)
4(21 23 27 25)
4(20 24 26 22)
4(28 29 31 30)
4(32 34 35 33)
4(38 34 35 39)
4(30 46 47 31)
4(4 5 7 6)
4(0 2 3 1)
4(0 4 6 2)
4(1 3 7 5)
4(8 10 11 9)
4(13 15 19 17)
4(12 16 18 14)
4(48 49 51 50)
4(40 41 43 42)
4(8 12 14 10)
4(9 11 15 13)
4(16 20 22 18)
4(17 19 23 21)
4(24 25 27 26)
4(34 24 26 35)
4(32 33 22 20)
4(25 30 31 27)
4(21 23 29 28)
4(34 35 43 41)
4(38 40 42 39)
4(36 37 33 32)
4(30 48 50 31)
4(46 47 51 49)
4(28 29 45 44)
4(44 45 47 46)
4(36 38 39 37)
4(0 1 5 4)
4(2 6 7 3)
4(8 9 13 12)
4(10 14 15 11)
4(12 13 17 16)
4(14 18 19 15)
4(16 17 21 20)
4(18 22 23 19)
4(20 21 25 24)
4(22 26 27 23)
4(32 20 24 34)
4(33 35 26 22)
4(23 27 31 29)
4(21 28 30 25)
4(36 32 34 38)
4(38 34 41 40)
4(37 39 35 33)
4(39 42 43 35)
4(28 44 46 30)
4(30 46 49 48)
4(29 31 47 45)
4(31 50 51 47)
)


// ************************************************************************* //
